10 20
77  8   6   94  90  70  39  78  65  66 
45  32  26  46  57  23  69  88  99  8  
50  78  65  10  40  92  57  41  33  53 
73  85  3   18  35  52  99  71  35  26 
15  21  37  14  49  6   55  10  14  22 
74  86  47  37  62  96  18  43  19  89 
22  41  52  12  16  46  33  32  42  36 
63  87  75  85  35  62  48  49  32  91 
5   42  45  45  97  70  25  59  36  45 
44  63  18  82  22  99  89  3   94  23 
31  29  52  83  60  96  68  26  41  12 
78  48  97  75  61  32  100 33  49  80 
97  23  82  15  24  28  76  68  87  75 
53  18  33  88  17  32  62  73  52  100
47  93  66  26  9   69  61  5   35  16 
16  69  41  28  43  15  11  95  11  85 
100 90  72  17  53  49  59  3   10  45 
49  25  12  7   84  79  13  49  73  37 
92  51  65  99  14  65  5   59  77  16 
34  68  43  36  67  76  74  58  17  8  
