10 20
38  12  22  24  92  94  74  77  65  49 
61  91  59  10  16  14  30  67  82  100
85  3   15  62  85  28  4   58  40  3  
35  66  89  66  79  39  97  73  71  97 
37  3   87  5   28  40  21  60  48  57 
57  40  8   3   80  15  26  77  73  61 
0   16  89  94  86  58  32  76  18  50 
63  94  61  88  1   89  54  7   11  68 
0   84  99  27  48  58  23  48  48  8  
74  22  75  31  1   65  89  45  4   42 
95  91  73  37  98  95  90  23  70  68 
90  64  98  28  90  13  27  94  6   14 
21  36  66  63  34  89  36  68  23  95 
87  68  56  42  69  8   85  88  98  64 
1   25  15  35  0   94  61  3   59  21 
18  17  4   29  0   76  55  35  39  97 
34  66  84  24  68  97  36  91  73  25 
65  74  69  100 61  20  81  9   6   39 
47  70  27  35  6   100 85  85  27  2  
2   35  68  98  23  87  69  22  68  91 
